(kicad_pcb (version 20171130) (host pcbnew "(5.1.4)-1")

  (general
    (thickness 1.6)
    (drawings 14)
    (tracks 1818)
    (zones 0)
    (modules 114)
    (nets 151)
  )

  (page A4)
  (layers
    (0 F.Cu mixed)
    (1 In1.Cu signal)
    (2 In2.Cu signal)
    (31 B.Cu mixed)
    (32 B.Adhes user)
    (33 F.Adhes user)
    (34 B.Paste user)
    (35 F.Paste user)
    (36 B.SilkS user)
    (37 F.SilkS user)
    (38 B.Mask user)
    (39 F.Mask user)
    (40 Dwgs.User user)
    (41 Cmts.User user)
    (42 Eco1.User user)
    (43 Eco2.User user)
    (44 Edge.Cuts user)
    (45 Margin user)
    (46 B.CrtYd user)
    (47 F.CrtYd user)
    (48 B.Fab user)
    (49 F.Fab user)
  )

  (setup
    (last_trace_width 0.25)
    (trace_clearance 0.2)
    (zone_clearance 0.508)
    (zone_45_only no)
    (trace_min 0.2)
    (via_size 0.8)
    (via_drill 0.4)
    (via_min_size 0.4)
    (via_min_drill 0.3)
    (uvia_size 0.3)
    (uvia_drill 0.1)
    (uvias_allowed no)
    (uvia_min_size 0.2)
    (uvia_min_drill 0.1)
    (edge_width 0.05)
    (segment_width 0.2)
    (pcb_text_width 0.3)
    (pcb_text_size 1.5 1.5)
    (mod_edge_width 0.12)
    (mod_text_size 1 1)
    (mod_text_width 0.15)
    (pad_size 1.524 1.524)
    (pad_drill 0.762)
    (pad_to_mask_clearance 0.051)
    (solder_mask_min_width 0.25)
    (aux_axis_origin 0 0)
    (visible_elements 7FFFFFFF)
    (pcbplotparams
      (layerselection 0x010f0_ffffffff)
      (usegerberextensions true)
      (usegerberattributes false)
      (usegerberadvancedattributes false)
      (creategerberjobfile false)
      (excludeedgelayer true)
      (linewidth 0.100000)
      (plotframeref false)
      (viasonmask false)
      (mode 1)
      (useauxorigin false)
      (hpglpennumber 1)
      (hpglpenspeed 20)
      (hpglpendiameter 15.000000)
      (psnegative false)
      (psa4output false)
      (plotreference true)
      (plotvalue true)
      (plotinvisibletext false)
      (padsonsilk false)
      (subtractmaskfromsilk false)
      (outputformat 1)
      (mirror false)
      (drillshape 0)
      (scaleselection 1)
      (outputdirectory "gerber"))
  )

  (net 0 "")
  (net 1 "Net-(AE1-Pad1)")
  (net 2 "Net-(AE1-Pad2)")
  (net 3 "Net-(C1-Pad2)")
  (net 4 GNDA)
  (net 5 "Net-(C2-Pad1)")
  (net 6 GNDREF)
  (net 7 /18AVDD)
  (net 8 GND)
  (net 9 +3.3V)
  (net 10 "Net-(C18-Pad1)")
  (net 11 "Net-(C21-Pad1)")
  (net 12 "Net-(C22-Pad1)")
  (net 13 "Net-(C23-Pad1)")
  (net 14 "Net-(C30-Pad2)")
  (net 15 "Net-(C32-Pad1)")
  (net 16 "Net-(C34-Pad1)")
  (net 17 "Net-(C36-Pad2)")
  (net 18 "Net-(C37-Pad2)")
  (net 19 /RX+)
  (net 20 /RX-)
  (net 21 /TX+)
  (net 22 /TX-)
  (net 23 ETH_PWRDWN)
  (net 24 /LED0)
  (net 25 "Net-(D1-Pad12)")
  (net 26 /LED2)
  (net 27 ETH_TXEN)
  (net 28 "Net-(D1-Pad31)")
  (net 29 "Net-(D1-Pad39)")
  (net 30 ETH_RESET)
  (net 31 "Net-(C11-Pad2)")
  (net 32 "Net-(C9-Pad2)")
  (net 33 "Net-(D1-Pad45)")
  (net 34 "Net-(D1-Pad48)")
  (net 35 /cpu/QSPI_CS)
  (net 36 /cpu/QSPI_SIO1)
  (net 37 /cpu/QSPI_SIO2)
  (net 38 /cpu/QSPI_SIO0)
  (net 39 /cpu/QSPI_CLK)
  (net 40 /cpu/QSPI_SIO3)
  (net 41 "Net-(D3-Pad1)")
  (net 42 "Net-(D4-Pad1)")
  (net 43 /cpu/CLK_LED)
  (net 44 +5V)
  (net 45 "Net-(D5-Pad1)")
  (net 46 "Net-(D6-Pad1)")
  (net 47 "Net-(D7-Pad1)")
  (net 48 "Net-(J1-Pad12)")
  (net 49 "Net-(J1-Pad10)")
  (net 50 "Net-(J1-Pad7)")
  (net 51 "Net-(J4-Pad1)")
  (net 52 "Net-(J5-Pad1)")
  (net 53 "Net-(J6-Pad1)")
  (net 54 "Net-(L1-Pad1)")
  (net 55 "Net-(L1-Pad2)")
  (net 56 /DVDD33)
  (net 57 "Net-(P1-PadB5)")
  (net 58 "Net-(P1-PadA5)")
  (net 59 "Net-(J2-Pad1)")
  (net 60 "Net-(R20-Pad1)")
  (net 61 "Net-(R21-Pad1)")
  (net 62 "Net-(R23-Pad1)")
  (net 63 "Net-(R24-Pad1)")
  (net 64 "Net-(R25-Pad1)")
  (net 65 "Net-(R26-Pad2)")
  (net 66 "Net-(R27-Pad2)")
  (net 67 "Net-(R27-Pad1)")
  (net 68 "Net-(R28-Pad2)")
  (net 69 "Net-(R29-Pad1)")
  (net 70 "Net-(R29-Pad2)")
  (net 71 "Net-(R30-Pad2)")
  (net 72 "Net-(R31-Pad2)")
  (net 73 "Net-(R31-Pad1)")
  (net 74 "Net-(R32-Pad1)")
  (net 75 "Net-(R33-Pad1)")
  (net 76 "Net-(R34-Pad1)")
  (net 77 IR_CH1)
  (net 78 IR_CH2)
  (net 79 IR_CH3)
  (net 80 /cpu/FLASH_CS)
  (net 81 /cpu/FLASH_MISO)
  (net 82 /cpu/FLASH_MOSI)
  (net 83 /cpu/FLASH_SCK)
  (net 84 "Net-(U3-Pad2)")
  (net 85 "Net-(U3-Pad3)")
  (net 86 "Net-(U3-Pad4)")
  (net 87 "Net-(U3-Pad5)")
  (net 88 "Net-(U3-Pad6)")
  (net 89 "Net-(U3-Pad7)")
  (net 90 "Net-(U3-Pad8)")
  (net 91 "Net-(U3-Pad9)")
  (net 92 ETH_MDC)
  (net 93 ETH_TXD2)
  (net 94 ETH_TXCLK)
  (net 95 ETH_CRS)
  (net 96 ETH_RXCLK)
  (net 97 ETH_MDIO)
  (net 98 ETH_COL)
  (net 99 ETH_RXDV)
  (net 100 ETH_RXD0)
  (net 101 ETH_RXD1)
  (net 102 ETH_RXD2)
  (net 103 ETH_RXD3)
  (net 104 "Net-(U3-Pad37)")
  (net 105 "Net-(U3-Pad38)")
  (net 106 "Net-(U3-Pad39)")
  (net 107 "Net-(U3-Pad40)")
  (net 108 "Net-(U3-Pad41)")
  (net 109 ETH_CABLESTS)
  (net 110 ETH_MDINTR)
  (net 111 ETH_RXER)
  (net 112 ETH_TXD0)
  (net 113 ETH_TXD1)
  (net 114 nRF_MISO)
  (net 115 nRF_MOSI)
  (net 116 nRF_CSN)
  (net 117 nRF_CE)
  (net 118 nRF_IRQ)
  (net 119 "Net-(U3-Pad61)")
  (net 120 "Net-(U3-Pad62)")
  (net 121 "Net-(U3-Pad63)")
  (net 122 "Net-(U3-Pad64)")
  (net 123 "Net-(U3-Pad65)")
  (net 124 "Net-(U3-Pad66)")
  (net 125 /cpu/USB_D-)
  (net 126 /cpu/USB_D+)
  (net 127 /cpu/SWD)
  (net 128 /cpu/SWC)
  (net 129 "Net-(U3-Pad81)")
  (net 130 "Net-(U3-Pad82)")
  (net 131 "Net-(U3-Pad83)")
  (net 132 nRF_SCK)
  (net 133 "Net-(U3-Pad85)")
  (net 134 "Net-(U3-Pad86)")
  (net 135 "Net-(U3-Pad87)")
  (net 136 "Net-(U3-Pad88)")
  (net 137 "Net-(U3-Pad89)")
  (net 138 "Net-(U3-Pad90)")
  (net 139 "Net-(U3-Pad91)")
  (net 140 "Net-(U3-Pad93)")
  (net 141 ETH_TXD3)
  (net 142 "Net-(U3-Pad96)")
  (net 143 "Net-(U3-Pad97)")
  (net 144 "Net-(U3-Pad98)")
  (net 145 ETH_TXER)
  (net 146 CHARGE_CH1_ENABLE)
  (net 147 CHARGE_CH2_ENABLE)
  (net 148 CHARGE_CH3_ENABLE)
  (net 149 "Net-(P1-PadB8)")
  (net 150 "Net-(P1-PadA8)")

  (net_class Default "Это класс цепей по умолчанию."
    (clearance 0.2)
    (trace_width 0.25)
    (via_dia 0.8)
    (via_drill 0.4)
    (uvia_dia 0.3)
    (uvia_drill 0.1)
    (add_net +3.3V)
    (add_net +5V)
    (add_net /18AVDD)
    (add_net /DVDD33)
    (add_net /LED0)
    (add_net /LED2)
    (add_net /RX+)
    (add_net /RX-)
    (add_net /TX+)
    (add_net /TX-)
    (add_net /cpu/CLK_LED)
    (add_net /cpu/FLASH_CS)
    (add_net /cpu/FLASH_MISO)
    (add_net /cpu/FLASH_MOSI)
    (add_net /cpu/FLASH_SCK)
    (add_net /cpu/QSPI_CLK)
    (add_net /cpu/QSPI_CS)
    (add_net /cpu/QSPI_SIO0)
    (add_net /cpu/QSPI_SIO1)
    (add_net /cpu/QSPI_SIO2)
    (add_net /cpu/QSPI_SIO3)
    (add_net /cpu/SWC)
    (add_net /cpu/SWD)
    (add_net /cpu/USB_D+)
    (add_net /cpu/USB_D-)
    (add_net CHARGE_CH1_ENABLE)
    (add_net CHARGE_CH2_ENABLE)
    (add_net CHARGE_CH3_ENABLE)
    (add_net ETH_CABLESTS)
    (add_net ETH_COL)
    (add_net ETH_CRS)
    (add_net ETH_MDC)
    (add_net ETH_MDINTR)
    (add_net ETH_MDIO)
    (add_net ETH_PWRDWN)
    (add_net ETH_RESET)
    (add_net ETH_RXCLK)
    (add_net ETH_RXD0)
    (add_net ETH_RXD1)
    (add_net ETH_RXD2)
    (add_net ETH_RXD3)
    (add_net ETH_RXDV)
    (add_net ETH_RXER)
    (add_net ETH_TXCLK)
    (add_net ETH_TXD0)
    (add_net ETH_TXD1)
    (add_net ETH_TXD2)
    (add_net ETH_TXD3)
    (add_net ETH_TXEN)
    (add_net ETH_TXER)
    (add_net GND)
    (add_net GNDA)
    (add_net GNDREF)
    (add_net IR_CH1)
    (add_net IR_CH2)
    (add_net IR_CH3)
    (add_net "Net-(AE1-Pad2)")
    (add_net "Net-(C1-Pad2)")
    (add_net "Net-(C11-Pad2)")
    (add_net "Net-(C18-Pad1)")
    (add_net "Net-(C2-Pad1)")
    (add_net "Net-(C21-Pad1)")
    (add_net "Net-(C22-Pad1)")
    (add_net "Net-(C23-Pad1)")
    (add_net "Net-(C30-Pad2)")
    (add_net "Net-(C32-Pad1)")
    (add_net "Net-(C34-Pad1)")
    (add_net "Net-(C36-Pad2)")
    (add_net "Net-(C9-Pad2)")
    (add_net "Net-(D1-Pad12)")
    (add_net "Net-(D1-Pad31)")
    (add_net "Net-(D1-Pad39)")
    (add_net "Net-(D1-Pad45)")
    (add_net "Net-(D1-Pad48)")
    (add_net "Net-(D3-Pad1)")
    (add_net "Net-(D4-Pad1)")
    (add_net "Net-(D5-Pad1)")
    (add_net "Net-(D6-Pad1)")
    (add_net "Net-(D7-Pad1)")
    (add_net "Net-(J1-Pad10)")
    (add_net "Net-(J1-Pad12)")
    (add_net "Net-(J1-Pad7)")
    (add_net "Net-(J2-Pad1)")
    (add_net "Net-(J4-Pad1)")
    (add_net "Net-(J5-Pad1)")
    (add_net "Net-(J6-Pad1)")
    (add_net "Net-(L1-Pad2)")
    (add_net "Net-(P1-PadA5)")
    (add_net "Net-(P1-PadA8)")
    (add_net "Net-(P1-PadB5)")
    (add_net "Net-(P1-PadB8)")
    (add_net "Net-(R20-Pad1)")
    (add_net "Net-(R21-Pad1)")
    (add_net "Net-(R23-Pad1)")
    (add_net "Net-(R24-Pad1)")
    (add_net "Net-(R25-Pad1)")
    (add_net "Net-(R26-Pad2)")
    (add_net "Net-(R27-Pad1)")
    (add_net "Net-(R27-Pad2)")
    (add_net "Net-(R28-Pad2)")
    (add_net "Net-(R29-Pad1)")
    (add_net "Net-(R29-Pad2)")
    (add_net "Net-(R30-Pad2)")
    (add_net "Net-(R31-Pad1)")
    (add_net "Net-(R31-Pad2)")
    (add_net "Net-(R32-Pad1)")
    (add_net "Net-(R33-Pad1)")
    (add_net "Net-(R34-Pad1)")
    (add_net "Net-(U3-Pad2)")
    (add_net "Net-(U3-Pad3)")
    (add_net "Net-(U3-Pad37)")
    (add_net "Net-(U3-Pad38)")
    (add_net "Net-(U3-Pad39)")
    (add_net "Net-(U3-Pad4)")
    (add_net "Net-(U3-Pad40)")
    (add_net "Net-(U3-Pad41)")
    (add_net "Net-(U3-Pad5)")
    (add_net "Net-(U3-Pad6)")
    (add_net "Net-(U3-Pad61)")
    (add_net "Net-(U3-Pad62)")
    (add_net "Net-(U3-Pad63)")
    (add_net "Net-(U3-Pad64)")
    (add_net "Net-(U3-Pad65)")
    (add_net "Net-(U3-Pad66)")
    (add_net "Net-(U3-Pad7)")
    (add_net "Net-(U3-Pad8)")
    (add_net "Net-(U3-Pad81)")
    (add_net "Net-(U3-Pad82)")
    (add_net "Net-(U3-Pad83)")
    (add_net "Net-(U3-Pad85)")
    (add_net "Net-(U3-Pad86)")
    (add_net "Net-(U3-Pad87)")
    (add_net "Net-(U3-Pad88)")
    (add_net "Net-(U3-Pad89)")
    (add_net "Net-(U3-Pad9)")
    (add_net "Net-(U3-Pad90)")
    (add_net "Net-(U3-Pad91)")
    (add_net "Net-(U3-Pad93)")
    (add_net "Net-(U3-Pad96)")
    (add_net "Net-(U3-Pad97)")
    (add_net "Net-(U3-Pad98)")
    (add_net nRF_CE)
    (add_net nRF_CSN)
    (add_net nRF_IRQ)
    (add_net nRF_MISO)
    (add_net nRF_MOSI)
    (add_net nRF_SCK)
  )

  (net_class ant ""
    (clearance 0.2)
    (trace_width 0.34)
    (via_dia 0.8)
    (via_drill 0.4)
    (uvia_dia 0.3)
    (uvia_drill 0.1)
    (add_net "Net-(AE1-Pad1)")
    (add_net "Net-(C37-Pad2)")
    (add_net "Net-(L1-Pad1)")
  )

  (module usb_type_c:USB_C_16_pin (layer F.Cu) (tedit 5FCF3DC1) (tstamp 5FC8E2AD)
    (at 118 116.5 270)
    (path /5FC4E17F/5FDB4688)
    (fp_text reference P1 (at 0 -2.25 90) (layer F.Fab)
      (effects (font (size 1 1) (thickness 0.15)))
    )
    (fp_text value USB_C_Receptacle (at -0.275 2.26 90) (layer F.Fab)
      (effects (font (size 1 1) (thickness 0.15)))
    )
    (fp_line (start 0 1.315) (end 0 0.045) (layer F.Fab) (width 0.15))
    (fp_line (start -4.475 3.825) (end -4.48 3.065) (layer F.Fab) (width 0.15))
    (fp_line (start 4.475 3.05) (end 4.47 3.81) (layer F.Fab) (width 0.15))
    (fp_line (start -4.475 3.85) (end 4.475 3.85) (layer F.Fab) (width 0.15))
    (fp_line (start -4.65 1.3) (end 4.6 1.3) (layer F.Fab) (width 0.15))
    (fp_line (start -3.55 -6.675) (end 3.45 -6.675) (layer F.Fab) (width 0.15))
    (fp_line (start -4.625 1.3) (end 4.625 1.3) (layer F.SilkS) (width 0.15))
    (fp_line (start -3.55 -6.66) (end 3.45 -6.66) (layer F.SilkS) (width 0.15))
    (fp_line (start 4.48 3.05) (end 4.475 3.81) (layer F.SilkS) (width 0.15))
    (fp_line (start -4.475 3.86) (end 4.475 3.86) (layer F.SilkS) (width 0.15))
    (fp_line (start -4.475 3.81) (end -4.48 3.05) (layer F.SilkS) (width 0.15))
    (fp_line (start 0 1.3) (end 0 0.03) (layer F.SilkS) (width 0.15))
    (pad A5 thru_hole circle (at -1.275 -6.1 270) (size 0.6 0.6) (drill 0.4) (layers *.Cu *.Mask)
      (net 58 "Net-(P1-PadA5)"))
    (pad A1 thru_hole circle (at -2.975 -6.1 270) (size 0.6 0.6) (drill 0.4) (layers *.Cu *.Mask)
      (net 8 GND))
    (pad A4 thru_hole circle (at -2.125 -6.1 270) (size 0.6 0.6) (drill 0.4) (layers *.Cu *.Mask)
      (net 44 +5V))
    (pad A6 thru_hole circle (at -0.425 -6.1 270) (size 0.6 0.6) (drill 0.4) (layers *.Cu *.Mask)
      (net 126 /cpu/USB_D+))
    (pad A7 thru_hole circle (at 0.425 -6.1 270) (size 0.6 0.6) (drill 0.4) (layers *.Cu *.Mask)
      (net 125 /cpu/USB_D-))
    (pad A8 thru_hole circle (at 1.275 -6.1 270) (size 0.6 0.6) (drill 0.4) (layers *.Cu *.Mask)
      (net 150 "Net-(P1-PadA8)"))
    (pad A9 thru_hole circle (at 2.125 -6.1 270) (size 0.6 0.6) (drill 0.4) (layers *.Cu *.Mask)
      (net 44 +5V))
    (pad A12 thru_hole circle (at 2.975 -6.1 270) (size 0.6 0.6) (drill 0.4) (layers *.Cu *.Mask)
      (net 8 GND))
    (pad B12 thru_hole circle (at -2.975 -4.775 270) (size 0.6 0.6) (drill 0.4) (layers *.Cu *.Mask)
      (net 8 GND))
    (pad B9 thru_hole circle (at -2.12 -4.775 270) (size 0.6 0.6) (drill 0.4) (layers *.Cu *.Mask)
      (net 44 +5V))
    (pad B8 thru_hole circle (at -1.27 -4.775 270) (size 0.6 0.6) (drill 0.4) (layers *.Cu *.Mask)
      (net 149 "Net-(P1-PadB8)"))
    (pad B7 thru_hole circle (at -0.42 -4.775 270) (size 0.6 0.6) (drill 0.4) (layers *.Cu *.Mask)
      (net 125 /cpu/USB_D-))
    (pad B6 thru_hole circle (at 0.43 -4.775 270) (size 0.6 0.6) (drill 0.4) (layers *.Cu *.Mask)
      (net 126 /cpu/USB_D+))
    (pad B5 thru_hole circle (at 1.28 -4.775 270) (size 0.6 0.6) (drill 0.4) (layers *.Cu *.Mask)
      (net 57 "Net-(P1-PadB5)"))
    (pad B4 thru_hole circle (at 2.13 -4.775 270) (size 0.6 0.6) (drill 0.4) (layers *.Cu *.Mask)
      (net 44 +5V))
    (pad B1 thru_hole circle (at 2.98 -4.775 270) (size 0.6 0.6) (drill 0.4) (layers *.Cu *.Mask)
      (net 8 GND))
    (pad S1 thru_hole circle (at -4.8 -5.9 270) (size 2.5 2.5) (drill 2.2) (layers *.Cu *.Mask)
      (net 6 GNDREF))
    (pad S1 thru_hole circle (at 4.8 -5.9 270) (size 2.5 2.5) (drill 2.2) (layers *.Cu *.Mask)
      (net 6 GNDREF))
    (pad S1 thru_hole circle (at -4.325 -1.74 270) (size 2.4 2.4) (drill 1.7) (layers *.Cu *.Mask)
      (net 6 GNDREF))
    (pad S1 thru_hole circle (at 4.325 -1.74 270) (size 2.4 2.4) (drill 1.7) (layers *.Cu *.Mask)
      (net 6 GNDREF))
    (model C:/Users/Dmitriy/Documents/Projects/mouse_control/sch/3D/HRO_TYPE-C-31-M-12.step
      (offset (xyz -4.5 -1 0))
      (scale (xyz 1 1 1))
      (rotate (xyz 0 0 0))
    )
  )

  (module eth_connector:KLS12-TL002 (layer F.Cu) (tedit 5FCF2BEE) (tstamp 5FC7BF9F)
    (at 115.4 76 90)
    (path /5FBFB542)
    (fp_text reference J1 (at 0.5 -1 90) (layer F.SilkS) hide
      (effects (font (size 1 1) (thickness 0.15)))
    )
    (fp_text value KLS12-TL002-1x1-G-G-1-03 (at 1 -2.5 90) (layer F.Fab)
      (effects (font (size 1 1) (thickness 0.15)))
    )
    (fp_line (start 0 2.7) (end 16 2.7) (layer F.SilkS) (width 0.15))
    (fp_line (start 16 21.3) (end 16 0) (layer F.SilkS) (width 0.15))
    (fp_line (start 0 21.3) (end 16 21.3) (layer F.SilkS) (width 0.15))
    (fp_line (start 0 0) (end 0 21.3) (layer F.SilkS) (width 0.15))
    (fp_line (start 0 0) (end 16 0) (layer F.SilkS) (width 0.15))
    (pad SH thru_hole circle (at 15.9 14.1 90) (size 2.5 2.5) (drill 1.7) (layers *.Cu *.Mask)
      (net 6 GNDREF))
    (pad SH thru_hole circle (at 0.1 14.1 90) (size 2.5 2.5) (drill 1.7) (layers *.Cu *.Mask)
      (net 6 GNDREF))
    (pad 2 thru_hole circle (at 11.17 19.69 90) (size 1.6 1.6) (drill 1) (layers *.Cu *.Mask)
      (net 20 /RX-))
    (pad 4 thru_hole circle (at 8.63 19.69 90) (size 1.6 1.6) (drill 1) (layers *.Cu *.Mask)
      (net 7 /18AVDD))
    (pad 6 thru_hole circle (at 6.09 19.69 90) (size 1.6 1.6) (drill 1) (layers *.Cu *.Mask)
      (net 22 /TX-))
    (pad 8 thru_hole circle (at 3.55 19.69 90) (size 1.6 1.6) (drill 1) (layers *.Cu *.Mask)
      (net 6 GNDREF))
    (pad 1 thru_hole circle (at 12.44 17.15 90) (size 1.6 1.6) (drill 1) (layers *.Cu *.Mask)
      (net 19 /RX+))
    (pad 3 thru_hole circle (at 9.9 17.15 90) (size 1.6 1.6) (drill 1) (layers *.Cu *.Mask)
      (net 21 /TX+))
    (pad 5 thru_hole circle (at 7.36 17.15 90) (size 1.6 1.6) (drill 1) (layers *.Cu *.Mask)
      (net 7 /18AVDD))
    (pad 7 thru_hole circle (at 4.82 17.15 90) (size 1.6 1.6) (drill 1) (layers *.Cu *.Mask)
      (net 50 "Net-(J1-Pad7)"))
    (pad 10 thru_hole circle (at 11.78 7.42 90) (size 2 2) (drill 1.1) (layers *.Cu *.Mask)
      (net 49 "Net-(J1-Pad10)"))
    (pad 9 thru_hole circle (at 14.32 5.9 90) (size 2 2) (drill 1.1) (layers *.Cu *.Mask)
      (net 24 /LED0))
    (pad 11 thru_hole circle (at 4.1 5.9 90) (size 2 2) (drill 1.1) (layers *.Cu *.Mask)
      (net 26 /LED2))
    (pad 12 thru_hole circle (at 1.67 7.42 90) (size 2 2) (drill 1.1) (layers *.Cu *.Mask)
      (net 48 "Net-(J1-Pad12)"))
    (pad "" np_thru_hole circle (at 13.715 10.8 90) (size 3.25 3.25) (drill 3.25) (layers *.Cu *.Mask))
    (pad "" np_thru_hole circle (at 2.285 10.8 90) (size 3.25 3.25) (drill 3.25) (layers *.Cu *.Mask))
    (model C:/Users/Dmitriy/Documents/Projects/mouse_control/sch/3D/KLS12-TL076.STEP
      (offset (xyz 0.15 -0.3 -4))
      (scale (xyz 1 1 1))
      (rotate (xyz 90 90 0))
    )
  )

  (module chip_antenna:KH-5220-A56 (layer B.Cu) (tedit 5FC75A9A) (tstamp 5FC7BC3D)
    (at 177.5 50.8)
    (path /5FC4DF28/5FCA4D5E)
    (fp_text reference AE1 (at 3 2) (layer B.SilkS) hide
      (effects (font (size 1 1) (thickness 0.15)) (justify mirror))
    )
    (fp_text value KH-5220-A56 (at 6 4) (layer B.Fab)
      (effects (font (size 1 1) (thickness 0.15)) (justify mirror))
    )
    (fp_line (start 1 1) (end 4 1) (layer B.SilkS) (width 0.15))
    (fp_line (start 1 -1) (end 4 -1) (layer B.SilkS) (width 0.15))
    (pad 1 smd rect (at 0 0) (size 1 2) (layers B.Cu B.Paste B.Mask)
      (net 1 "Net-(AE1-Pad1)"))
    (pad 2 smd rect (at 5.2 0) (size 1 2) (layers B.Cu B.Paste B.Mask)
      (net 2 "Net-(AE1-Pad2)"))
    (model ${KISYS3DMOD}/Capacitor_SMD.3dshapes/C_2010_5025Metric.step
      (offset (xyz 2.5 0 0))
      (scale (xyz 1 1 1))
      (rotate (xyz 0 0 0))
    )
  )

  (module Capacitor_SMD:C_0603_1608Metric (layer B.Cu) (tedit 5B301BBE) (tstamp 5FC92BC3)
    (at 137.5 74.1 90)
    (descr "Capacitor SMD 0603 (1608 Metric), square (rectangular) end terminal, IPC_7351 nominal, (Body size source: http://www.tortai-tech.com/upload/download/2011102023233369053.pdf), generated with kicad-footprint-generator")
    (tags capacitor)
    (path /5FC1934F)
    (attr smd)
    (fp_text reference C1 (at 0 1.43 270) (layer B.SilkS) hide
      (effects (font (size 1 1) (thickness 0.15)) (justify mirror))
    )
    (fp_text value CC0603KRX7R9BB104 (at 0 -1.43 270) (layer B.Fab)
      (effects (font (size 1 1) (thickness 0.15)) (justify mirror))
    )
    (fp_text user %R (at 0 0 270) (layer B.Fab)
      (effects (font (size 0.4 0.4) (thickness 0.06)) (justify mirror))
    )
    (fp_line (start 1.48 -0.73) (end -1.48 -0.73) (layer B.CrtYd) (width 0.05))
    (fp_line (start 1.48 0.73) (end 1.48 -0.73) (layer B.CrtYd) (width 0.05))
    (fp_line (start -1.48 0.73) (end 1.48 0.73) (layer B.CrtYd) (width 0.05))
    (fp_line (start -1.48 -0.73) (end -1.48 0.73) (layer B.CrtYd) (width 0.05))
    (fp_line (start -0.162779 -0.51) (end 0.162779 -0.51) (layer B.SilkS) (width 0.12))
    (fp_line (start -0.162779 0.51) (end 0.162779 0.51) (layer B.SilkS) (width 0.12))
    (fp_line (start 0.8 -0.4) (end -0.8 -0.4) (layer B.Fab) (width 0.1))
    (fp_line (start 0.8 0.4) (end 0.8 -0.4) (layer B.Fab) (width 0.1))
    (fp_line (start -0.8 0.4) (end 0.8 0.4) (layer B.Fab) (width 0.1))
    (fp_line (start -0.8 -0.4) (end -0.8 0.4) (layer B.Fab) (width 0.1))
    (pad 2 smd roundrect (at 0.7875 0 90) (size 0.875 0.95) (layers B.Cu B.Paste B.Mask) (roundrect_rratio 0.25)
      (net 3 "Net-(C1-Pad2)"))
    (pad 1 smd roundrect (at -0.7875 0 90) (size 0.875 0.95) (layers B.Cu B.Paste B.Mask) (roundrect_rratio 0.25)
      (net 4 GNDA))
    (model ${KISYS3DMOD}/Capacitor_SMD.3dshapes/C_0603_1608Metric.step
      (at (xyz 0 0 0))
      (scale (xyz 1 1 1))
      (rotate (xyz 0 0 0))
    )
  )

  (module Capacitor_SMD:C_0603_1608Metric (layer B.Cu) (tedit 5B301BBE) (tstamp 5FC92B33)
    (at 137.5 59.9 90)
    (descr "Capacitor SMD 0603 (1608 Metric), square (rectangular) end terminal, IPC_7351 nominal, (Body size source: http://www.tortai-tech.com/upload/download/2011102023233369053.pdf), generated with kicad-footprint-generator")
    (tags capacitor)
    (path /5FC14207)
    (attr smd)
    (fp_text reference C2 (at 0 1.43 270) (layer B.SilkS) hide
      (effects (font (size 1 1) (thickness 0.15)) (justify mirror))
    )
    (fp_text value CC0603KRX7R9BB104 (at 0 -1.43 270) (layer B.Fab)
      (effects (font (size 1 1) (thickness 0.15)) (justify mirror))
    )
    (fp_line (start -0.8 -0.4) (end -0.8 0.4) (layer B.Fab) (width 0.1))
    (fp_line (start -0.8 0.4) (end 0.8 0.4) (layer B.Fab) (width 0.1))
    (fp_line (start 0.8 0.4) (end 0.8 -0.4) (layer B.Fab) (width 0.1))
    (fp_line (start 0.8 -0.4) (end -0.8 -0.4) (layer B.Fab) (width 0.1))
    (fp_line (start -0.162779 0.51) (end 0.162779 0.51) (layer B.SilkS) (width 0.12))
    (fp_line (start -0.162779 -0.51) (end 0.162779 -0.51) (layer B.SilkS) (width 0.12))
    (fp_line (start -1.48 -0.73) (end -1.48 0.73) (layer B.CrtYd) (width 0.05))
    (fp_line (start -1.48 0.73) (end 1.48 0.73) (layer B.CrtYd) (width 0.05))
    (fp_line (start 1.48 0.73) (end 1.48 -0.73) (layer B.CrtYd) (width 0.05))
    (fp_line (start 1.48 -0.73) (end -1.48 -0.73) (layer B.CrtYd) (width 0.05))
    (fp_text user %R (at 0 0 270) (layer B.Fab)
      (effects (font (size 0.4 0.4) (thickness 0.06)) (justify mirror))
    )
    (pad 1 smd roundrect (at -0.7875 0 90) (size 0.875 0.95) (layers B.Cu B.Paste B.Mask) (roundrect_rratio 0.25)
      (net 5 "Net-(C2-Pad1)"))
    (pad 2 smd roundrect (at 0.7875 0 90) (size 0.875 0.95) (layers B.Cu B.Paste B.Mask) (roundrect_rratio 0.25)
      (net 4 GNDA))
    (model ${KISYS3DMOD}/Capacitor_SMD.3dshapes/C_0603_1608Metric.step
      (at (xyz 0 0 0))
      (scale (xyz 1 1 1))
      (rotate (xyz 0 0 0))
    )
  )

  (module Capacitor_SMD:C_1206_3216Metric (layer B.Cu) (tedit 5B301BBE) (tstamp 5FC92C23)
    (at 136.1 56.65 180)
    (descr "Capacitor SMD 1206 (3216 Metric), square (rectangular) end terminal, IPC_7351 nominal, (Body size source: http://www.tortai-tech.com/upload/download/2011102023233369053.pdf), generated with kicad-footprint-generator")
    (tags capacitor)
    (path /5FC20305)
    (attr smd)
    (fp_text reference C3 (at 0 1.82 180) (layer B.SilkS) hide
      (effects (font (size 1 1) (thickness 0.15)) (justify mirror))
    )
    (fp_text value 1206B103K202NT (at 0 -1.82 180) (layer B.Fab)
      (effects (font (size 1 1) (thickness 0.15)) (justify mirror))
    )
    (fp_line (start -1.6 -0.8) (end -1.6 0.8) (layer B.Fab) (width 0.1))
    (fp_line (start -1.6 0.8) (end 1.6 0.8) (layer B.Fab) (width 0.1))
    (fp_line (start 1.6 0.8) (end 1.6 -0.8) (layer B.Fab) (width 0.1))
    (fp_line (start 1.6 -0.8) (end -1.6 -0.8) (layer B.Fab) (width 0.1))
    (fp_line (start -0.602064 0.91) (end 0.602064 0.91) (layer B.SilkS) (width 0.12))
    (fp_line (start -0.602064 -0.91) (end 0.602064 -0.91) (layer B.SilkS) (width 0.12))
    (fp_line (start -2.28 -1.12) (end -2.28 1.12) (layer B.CrtYd) (width 0.05))
    (fp_line (start -2.28 1.12) (end 2.28 1.12) (layer B.CrtYd) (width 0.05))
    (fp_line (start 2.28 1.12) (end 2.28 -1.12) (layer B.CrtYd) (width 0.05))
    (fp_line (start 2.28 -1.12) (end -2.28 -1.12) (layer B.CrtYd) (width 0.05))
    (fp_text user %R (at 0 0 180) (layer B.Fab)
      (effects (font (size 0.8 0.8) (thickness 0.12)) (justify mirror))
    )
    (pad 1 smd roundrect (at -1.4 0 180) (size 1.25 1.75) (layers B.Cu B.Paste B.Mask) (roundrect_rratio 0.2)
      (net 4 GNDA))
    (pad 2 smd roundrect (at 1.4 0 180) (size 1.25 1.75) (layers B.Cu B.Paste B.Mask) (roundrect_rratio 0.2)
      (net 6 GNDREF))
    (model ${KISYS3DMOD}/Capacitor_SMD.3dshapes/C_1206_3216Metric.step
      (at (xyz 0 0 0))
      (scale (xyz 1 1 1))
      (rotate (xyz 0 0 0))
    )
  )

  (module Capacitor_SMD:C_1206_3216Metric (layer B.Cu) (tedit 5B301BBE) (tstamp 5FC92B03)
    (at 136.1 77.5 180)
    (descr "Capacitor SMD 1206 (3216 Metric), square (rectangular) end terminal, IPC_7351 nominal, (Body size source: http://www.tortai-tech.com/upload/download/2011102023233369053.pdf), generated with kicad-footprint-generator")
    (tags capacitor)
    (path /5FC225F9)
    (attr smd)
    (fp_text reference C4 (at 0 1.82 180) (layer B.SilkS) hide
      (effects (font (size 1 1) (thickness 0.15)) (justify mirror))
    )
    (fp_text value 1206B103K202NT (at 0 -1.82 180) (layer B.Fab)
      (effects (font (size 1 1) (thickness 0.15)) (justify mirror))
    )
    (fp_text user %R (at 0 0 180) (layer B.Fab)
      (effects (font (size 0.8 0.8) (thickness 0.12)) (justify mirror))
    )
    (fp_line (start 2.28 -1.12) (end -2.28 -1.12) (layer B.CrtYd) (width 0.05))
    (fp_line (start 2.28 1.12) (end 2.28 -1.12) (layer B.CrtYd) (width 0.05))
    (fp_line (start -2.28 1.12) (end 2.28 1.12) (layer B.CrtYd) (width 0.05))
    (fp_line (start -2.28 -1.12) (end -2.28 1.12) (layer B.CrtYd) (width 0.05))
    (fp_line (start -0.602064 -0.91) (end 0.602064 -0.91) (layer B.SilkS) (width 0.12))
    (fp_line (start -0.602064 0.91) (end 0.602064 0.91) (layer B.SilkS) (width 0.12))
    (fp_line (start 1.6 -0.8) (end -1.6 -0.8) (layer B.Fab) (width 0.1))
    (fp_line (start 1.6 0.8) (end 1.6 -0.8) (layer B.Fab) (width 0.1))
    (fp_line (start -1.6 0.8) (end 1.6 0.8) (layer B.Fab) (width 0.1))
    (fp_line (start -1.6 -0.8) (end -1.6 0.8) (layer B.Fab) (width 0.1))
    (pad 2 smd roundrect (at 1.4 0 180) (size 1.25 1.75) (layers B.Cu B.Paste B.Mask) (roundrect_rratio 0.2)
      (net 6 GNDREF))
    (pad 1 smd roundrect (at -1.4 0 180) (size 1.25 1.75) (layers B.Cu B.Paste B.Mask) (roundrect_rratio 0.2)
      (net 4 GNDA))
    (model ${KISYS3DMOD}/Capacitor_SMD.3dshapes/C_1206_3216Metric.step
      (at (xyz 0 0 0))
      (scale (xyz 1 1 1))
      (rotate (xyz 0 0 0))
    )
  )

  (module Capacitor_SMD:C_0603_1608Metric (layer B.Cu) (tedit 5B301BBE) (tstamp 5FC92B63)
    (at 139.6 69.7 270)
    (descr "Capacitor SMD 0603 (1608 Metric), square (rectangular) end terminal, IPC_7351 nominal, (Body size source: http://www.tortai-tech.com/upload/download/2011102023233369053.pdf), generated with kicad-footprint-generator")
    (tags capacitor)
    (path /5FC11DA1)
    (attr smd)
    (fp_text reference C5 (at 2.5 0.2 270) (layer B.SilkS) hide
      (effects (font (size 1 1) (thickness 0.15)) (justify mirror))
    )
    (fp_text value CC0603KRX7R9BB104 (at 0 -1.43 270) (layer B.Fab)
      (effects (font (size 1 1) (thickness 0.15)) (justify mirror))
    )
    (fp_text user %R (at 0 0 270) (layer B.Fab)
      (effects (font (size 0.4 0.4) (thickness 0.06)) (justify mirror))
    )
    (fp_line (start 1.48 -0.73) (end -1.48 -0.73) (layer B.CrtYd) (width 0.05))
    (fp_line (start 1.48 0.73) (end 1.48 -0.73) (layer B.CrtYd) (width 0.05))
    (fp_line (start -1.48 0.73) (end 1.48 0.73) (layer B.CrtYd) (width 0.05))
    (fp_line (start -1.48 -0.73) (end -1.48 0.73) (layer B.CrtYd) (width 0.05))
    (fp_line (start -0.162779 -0.51) (end 0.162779 -0.51) (layer B.SilkS) (width 0.12))
    (fp_line (start -0.162779 0.51) (end 0.162779 0.51) (layer B.SilkS) (width 0.12))
    (fp_line (start 0.8 -0.4) (end -0.8 -0.4) (layer B.Fab) (width 0.1))
    (fp_line (start 0.8 0.4) (end 0.8 -0.4) (layer B.Fab) (width 0.1))
    (fp_line (start -0.8 0.4) (end 0.8 0.4) (layer B.Fab) (width 0.1))
    (fp_line (start -0.8 -0.4) (end -0.8 0.4) (layer B.Fab) (width 0.1))
    (pad 2 smd roundrect (at 0.7875 0 270) (size 0.875 0.95) (layers B.Cu B.Paste B.Mask) (roundrect_rratio 0.25)
      (net 4 GNDA))
    (pad 1 smd roundrect (at -0.7875 0 270) (size 0.875 0.95) (layers B.Cu B.Paste B.Mask) (roundrect_rratio 0.25)
      (net 7 /18AVDD))
    (model ${KISYS3DMOD}/Capacitor_SMD.3dshapes/C_0603_1608Metric.step
      (at (xyz 0 0 0))
      (scale (xyz 1 1 1))
      (rotate (xyz 0 0 0))
    )
  )

  (module Capacitor_SMD:C_0603_1608Metric (layer B.Cu) (tedit 5B301BBE) (tstamp 5FC92AD3)
    (at 141.8 69.7 90)
    (descr "Capacitor SMD 0603 (1608 Metric), square (rectangular) end terminal, IPC_7351 nominal, (Body size source: http://www.tortai-tech.com/upload/download/2011102023233369053.pdf), generated with kicad-footprint-generator")
    (tags capacitor)
    (path /5FC37282)
    (attr smd)
    (fp_text reference C6 (at 0 -1.5 270) (layer B.SilkS) hide
      (effects (font (size 1 1) (thickness 0.15)) (justify mirror))
    )
    (fp_text value CC0603KRX7R9BB104 (at -0.3125 -1.3 270) (layer B.Fab)
      (effects (font (size 1 1) (thickness 0.15)) (justify mirror))
    )
    (fp_text user %R (at 0 0 270) (layer B.Fab)
      (effects (font (size 0.4 0.4) (thickness 0.06)) (justify mirror))
    )
    (fp_line (start 1.48 -0.73) (end -1.48 -0.73) (layer B.CrtYd) (width 0.05))
    (fp_line (start 1.48 0.73) (end 1.48 -0.73) (layer B.CrtYd) (width 0.05))
    (fp_line (start -1.48 0.73) (end 1.48 0.73) (layer B.CrtYd) (width 0.05))
    (fp_line (start -1.48 -0.73) (end -1.48 0.73) (layer B.CrtYd) (width 0.05))
    (fp_line (start -0.162779 -0.51) (end 0.162779 -0.51) (layer B.SilkS) (width 0.12))
    (fp_line (start -0.162779 0.51) (end 0.162779 0.51) (layer B.SilkS) (width 0.12))
    (fp_line (start 0.8 -0.4) (end -0.8 -0.4) (layer B.Fab) (width 0.1))
    (fp_line (start 0.8 0.4) (end 0.8 -0.4) (layer B.Fab) (width 0.1))
    (fp_line (start -0.8 0.4) (end 0.8 0.4) (layer B.Fab) (width 0.1))
    (fp_line (start -0.8 -0.4) (end -0.8 0.4) (layer B.Fab) (width 0.1))
    (pad 2 smd roundrect (at 0.7875 0 90) (size 0.875 0.95) (layers B.Cu B.Paste B.Mask) (roundrect_rratio 0.25)
      (net 7 /18AVDD))
    (pad 1 smd roundrect (at -0.7875 0 90) (size 0.875 0.95) (layers B.Cu B.Paste B.Mask) (roundrect_rratio 0.25)
      (net 4 GNDA))
    (model ${KISYS3DMOD}/Capacitor_SMD.3dshapes/C_0603_1608Metric.step
      (at (xyz 0 0 0))
      (scale (xyz 1 1 1))
      (rotate (xyz 0 0 0))
    )
  )

  (module Capacitor_SMD:C_0603_1608Metric (layer B.Cu) (tedit 5B301BBE) (tstamp 5FC92C83)
    (at 142.1 56.5 180)
    (descr "Capacitor SMD 0603 (1608 Metric), square (rectangular) end terminal, IPC_7351 nominal, (Body size source: http://www.tortai-tech.com/upload/download/2011102023233369053.pdf), generated with kicad-footprint-generator")
    (tags capacitor)
    (path /5FC3B18B)
    (attr smd)
    (fp_text reference C7 (at 0.0875 -1.4 180) (layer B.SilkS) hide
      (effects (font (size 1 1) (thickness 0.15)) (justify mirror))
    )
    (fp_text value CC0603KRX7R9BB104 (at 0 -1.43 180) (layer B.Fab)
      (effects (font (size 1 1) (thickness 0.15)) (justify mirror))
    )
    (fp_line (start -0.8 -0.4) (end -0.8 0.4) (layer B.Fab) (width 0.1))
    (fp_line (start -0.8 0.4) (end 0.8 0.4) (layer B.Fab) (width 0.1))
    (fp_line (start 0.8 0.4) (end 0.8 -0.4) (layer B.Fab) (width 0.1))
    (fp_line (start 0.8 -0.4) (end -0.8 -0.4) (layer B.Fab) (width 0.1))
    (fp_line (start -0.162779 0.51) (end 0.162779 0.51) (layer B.SilkS) (width 0.12))
    (fp_line (start -0.162779 -0.51) (end 0.162779 -0.51) (layer B.SilkS) (width 0.12))
    (fp_line (start -1.48 -0.73) (end -1.48 0.73) (layer B.CrtYd) (width 0.05))
    (fp_line (start -1.48 0.73) (end 1.48 0.73) (layer B.CrtYd) (width 0.05))
    (fp_line (start 1.48 0.73) (end 1.48 -0.73) (layer B.CrtYd) (width 0.05))
    (fp_line (start 1.48 -0.73) (end -1.48 -0.73) (layer B.CrtYd) (width 0.05))
    (fp_text user %R (at 0 0 180) (layer B.Fab)
      (effects (font (size 0.4 0.4) (thickness 0.06)) (justify mirror))
    )
    (pad 1 smd roundrect (at -0.7875 0 180) (size 0.875 0.95) (layers B.Cu B.Paste B.Mask) (roundrect_rratio 0.25)
      (net 7 /18AVDD))
    (pad 2 smd roundrect (at 0.7875 0 180) (size 0.875 0.95) (layers B.Cu B.Paste B.Mask) (roundrect_rratio 0.25)
      (net 4 GNDA))
    (model ${KISYS3DMOD}/Capacitor_SMD.3dshapes/C_0603_1608Metric.step
      (at (xyz 0 0 0))
      (scale (xyz 1 1 1))
      (rotate (xyz 0 0 0))
    )
  )

  (module Capacitor_SMD:C_0603_1608Metric (layer B.Cu) (tedit 5B301BBE) (tstamp 5FCFC472)
    (at 143.7 69.7 90)
    (descr "Capacitor SMD 0603 (1608 Metric), square (rectangular) end terminal, IPC_7351 nominal, (Body size source: http://www.tortai-tech.com/upload/download/2011102023233369053.pdf), generated with kicad-footprint-generator")
    (tags capacitor)
    (path /5FC35D75)
    (attr smd)
    (fp_text reference C8 (at 0.0875 1.5 270) (layer B.SilkS) hide
      (effects (font (size 1 1) (thickness 0.15)) (justify mirror))
    )
    (fp_text value CC0603KRX7R9BB104 (at 0 -1.43 270) (layer B.Fab)
      (effects (font (size 1 1) (thickness 0.15)) (justify mirror))
    )
    (fp_line (start -0.8 -0.4) (end -0.8 0.4) (layer B.Fab) (width 0.1))
    (fp_line (start -0.8 0.4) (end 0.8 0.4) (layer B.Fab) (width 0.1))
    (fp_line (start 0.8 0.4) (end 0.8 -0.4) (layer B.Fab) (width 0.1))
    (fp_line (start 0.8 -0.4) (end -0.8 -0.4) (layer B.Fab) (width 0.1))
    (fp_line (start -0.162779 0.51) (end 0.162779 0.51) (layer B.SilkS) (width 0.12))
    (fp_line (start -0.162779 -0.51) (end 0.162779 -0.51) (layer B.SilkS) (width 0.12))
    (fp_line (start -1.48 -0.73) (end -1.48 0.73) (layer B.CrtYd) (width 0.05))
    (fp_line (start -1.48 0.73) (end 1.48 0.73) (layer B.CrtYd) (width 0.05))
    (fp_line (start 1.48 0.73) (end 1.48 -0.73) (layer B.CrtYd) (width 0.05))
    (fp_line (start 1.48 -0.73) (end -1.48 -0.73) (layer B.CrtYd) (width 0.05))
    (fp_text user %R (at 0 0 270) (layer B.Fab)
      (effects (font (size 0.4 0.4) (thickness 0.06)) (justify mirror))
    )
    (pad 1 smd roundrect (at -0.7875 0 90) (size 0.875 0.95) (layers B.Cu B.Paste B.Mask) (roundrect_rratio 0.25)
      (net 4 GNDA))
    (pad 2 smd roundrect (at 0.7875 0 90) (size 0.875 0.95) (layers B.Cu B.Paste B.Mask) (roundrect_rratio 0.25)
      (net 7 /18AVDD))
    (model ${KISYS3DMOD}/Capacitor_SMD.3dshapes/C_0603_1608Metric.step
      (at (xyz 0 0 0))
      (scale (xyz 1 1 1))
      (rotate (xyz 0 0 0))
    )
  )

  (module Capacitor_SMD:C_0603_1608Metric (layer B.Cu) (tedit 5B301BBE) (tstamp 5FC92B93)
    (at 155.7 69.7 90)
    (descr "Capacitor SMD 0603 (1608 Metric), square (rectangular) end terminal, IPC_7351 nominal, (Body size source: http://www.tortai-tech.com/upload/download/2011102023233369053.pdf), generated with kicad-footprint-generator")
    (tags capacitor)
    (path /5FC4C953)
    (attr smd)
    (fp_text reference C10 (at 2.95 0 270) (layer B.SilkS) hide
      (effects (font (size 1 1) (thickness 0.15)) (justify mirror))
    )
    (fp_text value CC0603KRX7R9BB104 (at 0 -1.43 270) (layer B.Fab)
      (effects (font (size 1 1) (thickness 0.15)) (justify mirror))
    )
    (fp_text user %R (at 0 0 270) (layer B.Fab)
      (effects (font (size 0.4 0.4) (thickness 0.06)) (justify mirror))
    )
    (fp_line (start 1.48 -0.73) (end -1.48 -0.73) (layer B.CrtYd) (width 0.05))
    (fp_line (start 1.48 0.73) (end 1.48 -0.73) (layer B.CrtYd) (width 0.05))
    (fp_line (start -1.48 0.73) (end 1.48 0.73) (layer B.CrtYd) (width 0.05))
    (fp_line (start -1.48 -0.73) (end -1.48 0.73) (layer B.CrtYd) (width 0.05))
    (fp_line (start -0.162779 -0.51) (end 0.162779 -0.51) (layer B.SilkS) (width 0.12))
    (fp_line (start -0.162779 0.51) (end 0.162779 0.51) (layer B.SilkS) (width 0.12))
    (fp_line (start 0.8 -0.4) (end -0.8 -0.4) (layer B.Fab) (width 0.1))
    (fp_line (start 0.8 0.4) (end 0.8 -0.4) (layer B.Fab) (width 0.1))
    (fp_line (start -0.8 0.4) (end 0.8 0.4) (layer B.Fab) (width 0.1))
    (fp_line (start -0.8 -0.4) (end -0.8 0.4) (layer B.Fab) (width 0.1))
    (pad 2 smd roundrect (at 0.7875 0 90) (size 0.875 0.95) (layers B.Cu B.Paste B.Mask) (roundrect_rratio 0.25)
      (net 9 +3.3V))
    (pad 1 smd roundrect (at -0.7875 0 90) (size 0.875 0.95) (layers B.Cu B.Paste B.Mask) (roundrect_rratio 0.25)
      (net 8 GND))
    (model ${KISYS3DMOD}/Capacitor_SMD.3dshapes/C_0603_1608Metric.step
      (at (xyz 0 0 0))
      (scale (xyz 1 1 1))
      (rotate (xyz 0 0 0))
    )
  )

  (module Capacitor_SMD:C_0603_1608Metric (layer B.Cu) (tedit 5B301BBE) (tstamp 5FC92C53)
    (at 153 51 270)
    (descr "Capacitor SMD 0603 (1608 Metric), square (rectangular) end terminal, IPC_7351 nominal, (Body size source: http://www.tortai-tech.com/upload/download/2011102023233369053.pdf), generated with kicad-footprint-generator")
    (tags capacitor)
    (path /5FC42966)
    (attr smd)
    (fp_text reference C12 (at 0 1.43 270) (layer B.SilkS) hide
      (effects (font (size 1 1) (thickness 0.15)) (justify mirror))
    )
    (fp_text value CC0603KRX7R9BB104 (at 0 -1.43 270) (layer B.Fab)
      (effects (font (size 1 1) (thickness 0.15)) (justify mirror))
    )
    (fp_line (start -0.8 -0.4) (end -0.8 0.4) (layer B.Fab) (width 0.1))
    (fp_line (start -0.8 0.4) (end 0.8 0.4) (layer B.Fab) (width 0.1))
    (fp_line (start 0.8 0.4) (end 0.8 -0.4) (layer B.Fab) (width 0.1))
    (fp_line (start 0.8 -0.4) (end -0.8 -0.4) (layer B.Fab) (width 0.1))
    (fp_line (start -0.162779 0.51) (end 0.162779 0.51) (layer B.SilkS) (width 0.12))
    (fp_line (start -0.162779 -0.51) (end 0.162779 -0.51) (layer B.SilkS) (width 0.12))
    (fp_line (start -1.48 -0.73) (end -1.48 0.73) (layer B.CrtYd) (width 0.05))
    (fp_line (start -1.48 0.73) (end 1.48 0.73) (layer B.CrtYd) (width 0.05))
    (fp_line (start 1.48 0.73) (end 1.48 -0.73) (layer B.CrtYd) (width 0.05))
    (fp_line (start 1.48 -0.73) (end -1.48 -0.73) (layer B.CrtYd) (width 0.05))
    (fp_text user %R (at 0 0 270) (layer B.Fab)
      (effects (font (size 0.4 0.4) (thickness 0.06)) (justify mirror))
    )
    (pad 1 smd roundrect (at -0.7875 0 270) (size 0.875 0.95) (layers B.Cu B.Paste B.Mask) (roundrect_rratio 0.25)
      (net 8 GND))
    (pad 2 smd roundrect (at 0.7875 0 270) (size 0.875 0.95) (layers B.Cu B.Paste B.Mask) (roundrect_rratio 0.25)
      (net 9 +3.3V))
    (model ${KISYS3DMOD}/Capacitor_SMD.3dshapes/C_0603_1608Metric.step
      (at (xyz 0 0 0))
      (scale (xyz 1 1 1))
      (rotate (xyz 0 0 0))
    )
  )

  (module Capacitor_SMD:C_0603_1608Metric (layer B.Cu) (tedit 5B301BBE) (tstamp 5FD04D6B)
    (at 158.75 60.85 270)
    (descr "Capacitor SMD 0603 (1608 Metric), square (rectangular) end terminal, IPC_7351 nominal, (Body size source: http://www.tortai-tech.com/upload/download/2011102023233369053.pdf), generated with kicad-footprint-generator")
    (tags capacitor)
    (path /5FC46292)
    (attr smd)
    (fp_text reference C13 (at 2.95 -0.05 270) (layer B.SilkS) hide
      (effects (font (size 1 1) (thickness 0.15)) (justify mirror))
    )
    (fp_text value CC0603KRX7R9BB104 (at 0 -1.43 270) (layer B.Fab)
      (effects (font (size 1 1) (thickness 0.15)) (justify mirror))
    )
    (fp_line (start -0.8 -0.4) (end -0.8 0.4) (layer B.Fab) (width 0.1))
    (fp_line (start -0.8 0.4) (end 0.8 0.4) (layer B.Fab) (width 0.1))
    (fp_line (start 0.8 0.4) (end 0.8 -0.4) (layer B.Fab) (width 0.1))
    (fp_line (start 0.8 -0.4) (end -0.8 -0.4) (layer B.Fab) (width 0.1))
    (fp_line (start -0.162779 0.51) (end 0.162779 0.51) (layer B.SilkS) (width 0.12))
    (fp_line (start -0.162779 -0.51) (end 0.162779 -0.51) (layer B.SilkS) (width 0.12))
    (fp_line (start -1.48 -0.73) (end -1.48 0.73) (layer B.CrtYd) (width 0.05))
    (fp_line (start -1.48 0.73) (end 1.48 0.73) (layer B.CrtYd) (width 0.05))
    (fp_line (start 1.48 0.73) (end 1.48 -0.73) (layer B.CrtYd) (width 0.05))
    (fp_line (start 1.48 -0.73) (end -1.48 -0.73) (layer B.CrtYd) (width 0.05))
    (fp_text user %R (at 0 0 270) (layer B.Fab)
      (effects (font (size 0.4 0.4) (thickness 0.06)) (justify mirror))
    )
    (pad 1 smd roundrect (at -0.7875 0 270) (size 0.875 0.95) (layers B.Cu B.Paste B.Mask) (roundrect_rratio 0.25)
      (net 9 +3.3V))
    (pad 2 smd roundrect (at 0.7875 0 270) (size 0.875 0.95) (layers B.Cu B.Paste B.Mask) (roundrect_rratio 0.25)
      (net 8 GND))
